  621
  580
  543
  663
  788
 1336
 1493
 1506
 1508
 1334
 1516
 1312
  761
  504
  502
  578
  596
  560
  816
 1299
 1357
 1454
 1437
 1655
 1584
 1582
 1634
 1563
 1257
  614
  496
  566
  704
  706
 1273
 1542
 1322
 1372
 1667
 1594
 1369
 1721
 1791
 1644
 1398
  592
  482
  672
 1120
 1058
 1385
 1559
 1319
 1572
 1896
 1667
 1550
 1623
 1758
 1731
 1407
  612
  478
  572
 1115
 1578
 1650
 1243
 1031
 1281
 1652
 1435
 1311
 1257
 1656
 1517
 1215
  633
  484
  878
 1485
 1820
 1703
 1188
 1062
 1040
 1329
 1349
 1254
 1301
 1659
 1574
 1649
 1016
  702
 1400
 1599
 1779
 1792
 1672
 1518
 1282
 1677
 1644
 1189
 1143
 1269
 1445
 1659
  950
  674
 1531
 1792
 1776
 1748
 1585
 1178
  913
 1505
 1805
 1413
 1207
 1292
 1730
 1730
 1062
  639
 1091
 1553
 1407
 1616
 1783
 1545
 1017
 1130
 1717
 1784
 1599
 1307
 1750
 1825
 1507
  904
  891
 1048
 1232
 1714
 1835
 1727
 1686
 1707
 1849
 1829
 1817
 1585
 1831
 1839
 1583
  689
  777
 1001
 1601
 1844
 1866
 1835
 1865
 1849
 1807
 1712
 1749
 1631
 1789
 1834
 1609
  749
  823
 1158
 1750
 1849
 1864
 1870
 1867
 1848
 1805
 1697
 1848
 1791
 1821
 1821
 1551
 1017
 1010
 1548
 1832
 1841
 1847
 1860
 1840
 1803
 1491
 1246
 1596
 1729
 1718
 1611
 1044
  667
  986
 1699
 1837
 1838
 1841
 1835
 1786
 1717
 1173
  921
  921
  983
  989
  993
  824
